   1.79000000000000e+03   1.08700000000000e+03   9.00000000000000e+02   7.63000000000000e+02   9.42000000000000e+02   9.37000000000000e+02   1.04300000000000e+03
   2.35300000000000e+03   1.23000000000000e+03   8.82000000000000e+02   9.87000000000000e+02   8.72000000000000e+02   8.81000000000000e+02   1.18700000000000e+03
   2.45400000000000e+03   1.24300000000000e+03   9.43000000000000e+02   7.90000000000000e+02   1.01400000000000e+03   8.64000000000000e+02   1.09600000000000e+03
   2.28100000000000e+03   1.24300000000000e+03   8.69000000000000e+02   8.43000000000000e+02   7.54000000000000e+02   9.95000000000000e+02   1.02800000000000e+03
   2.20300000000000e+03   1.21100000000000e+03   8.66000000000000e+02   6.94000000000000e+02   7.74000000000000e+02   1.00900000000000e+03   1.00300000000000e+03
   2.03900000000000e+03   1.06300000000000e+03   9.01000000000000e+02   8.14000000000000e+02   8.44000000000000e+02   1.00500000000000e+03   1.04300000000000e+03
   1.95900000000000e+03   1.18000000000000e+03   8.78000000000000e+02   7.72000000000000e+02   7.68000000000000e+02   9.95000000000000e+02   1.01800000000000e+03
   2.01900000000000e+03   1.45700000000000e+03   8.66000000000000e+02   8.16000000000000e+02   9.52000000000000e+02   1.32600000000000e+03   9.47000000000000e+02
   1.95100000000000e+03   1.21300000000000e+03   8.80000000000000e+02   7.28000000000000e+02   7.75000000000000e+02   8.78000000000000e+02   1.01900000000000e+03
   2.45700000000000e+03   1.14700000000000e+03   8.55000000000000e+02   8.83000000000000e+02   9.90000000000000e+02   9.05000000000000e+02   1.13600000000000e+03
   2.18000000000000e+03   1.28700000000000e+03   8.14000000000000e+02   8.32000000000000e+02   7.78000000000000e+02   9.71000000000000e+02   9.48000000000000e+02
   1.92400000000000e+03   1.12300000000000e+03   9.27000000000000e+02   8.39000000000000e+02   8.51000000000000e+02   9.94000000000000e+02   9.84000000000000e+02
   2.10200000000000e+03   1.04000000000000e+03   9.38000000000000e+02   6.96000000000000e+02   9.14000000000000e+02   9.17000000000000e+02   9.37000000000000e+02
   2.29200000000000e+03   1.23200000000000e+03   7.73000000000000e+02   7.80000000000000e+02   9.08000000000000e+02   9.19000000000000e+02   1.02700000000000e+03
   2.12100000000000e+03   1.11300000000000e+03   9.22000000000000e+02   7.88000000000000e+02   8.61000000000000e+02   1.06700000000000e+03   1.03400000000000e+03
   1.85800000000000e+03   1.17800000000000e+03   9.14000000000000e+02   8.10000000000000e+02   8.65000000000000e+02   1.02600000000000e+03   1.23900000000000e+03
   2.06400000000000e+03   1.18500000000000e+03   9.99000000000000e+02   7.99000000000000e+02   9.62000000000000e+02   8.76000000000000e+02   9.87000000000000e+02
   2.03200000000000e+03   1.30400000000000e+03   1.31100000000000e+03   7.27000000000000e+02   8.53000000000000e+02   1.05300000000000e+03   1.12400000000000e+03
   2.02000000000000e+03   1.26900000000000e+03   8.57000000000000e+02   8.31000000000000e+02   8.21000000000000e+02   1.29900000000000e+03   9.87000000000000e+02
   2.56500000000000e+03   1.11200000000000e+03   9.62000000000000e+02   7.21000000000000e+02   9.15000000000000e+02   1.05500000000000e+03   1.08700000000000e+03
   2.06000000000000e+03   1.32100000000000e+03   7.56000000000000e+02   7.70000000000000e+02   8.72000000000000e+02   9.72000000000000e+02   1.22600000000000e+03
   2.05300000000000e+03   1.18900000000000e+03   8.55000000000000e+02   7.76000000000000e+02   9.35000000000000e+02   1.02600000000000e+03   9.49000000000000e+02
   2.16900000000000e+03   1.07400000000000e+03   8.93000000000000e+02   7.13000000000000e+02   7.83000000000000e+02   9.27000000000000e+02   1.12800000000000e+03
   2.22000000000000e+03   1.27900000000000e+03   8.84000000000000e+02   7.41000000000000e+02   8.35000000000000e+02   9.26000000000000e+02   1.19000000000000e+03
   2.21000000000000e+03   1.12900000000000e+03   1.06100000000000e+03   6.53000000000000e+02   9.03000000000000e+02   1.08100000000000e+03   1.13100000000000e+03
   2.33200000000000e+03   1.07300000000000e+03   7.73000000000000e+02   7.47000000000000e+02   7.65000000000000e+02   1.08300000000000e+03   9.73000000000000e+02
   2.07100000000000e+03   1.20900000000000e+03   8.76000000000000e+02   7.45000000000000e+02   7.81000000000000e+02   9.56000000000000e+02   1.18900000000000e+03
   2.28900000000000e+03   1.09400000000000e+03   8.45000000000000e+02   8.45000000000000e+02   8.51000000000000e+02   9.31000000000000e+02   9.58000000000000e+02
   2.30100000000000e+03   1.25200000000000e+03   8.42000000000000e+02   7.76000000000000e+02   8.76000000000000e+02   1.04100000000000e+03   1.02500000000000e+03
   2.20100000000000e+03   1.16900000000000e+03   8.31000000000000e+02   8.13000000000000e+02   8.13000000000000e+02   1.01900000000000e+03   1.00500000000000e+03
   1.85600000000000e+03   1.31700000000000e+03   7.88000000000000e+02   8.92000000000000e+02   8.74000000000000e+02   1.13700000000000e+03   1.02300000000000e+03
   1.85000000000000e+03   1.10300000000000e+03   8.11000000000000e+02   8.86000000000000e+02   7.73000000000000e+02   9.57000000000000e+02   1.07200000000000e+03
   2.09600000000000e+03   1.34000000000000e+03   8.49000000000000e+02   7.81000000000000e+02   8.88000000000000e+02   9.32000000000000e+02   1.00300000000000e+03
   2.10600000000000e+03   1.16600000000000e+03   7.85000000000000e+02   8.61000000000000e+02   8.58000000000000e+02   8.68000000000000e+02   9.85000000000000e+02
   2.23900000000000e+03   1.21600000000000e+03   8.89000000000000e+02   7.85000000000000e+02   7.86000000000000e+02   1.01700000000000e+03   9.67000000000000e+02
   1.88500000000000e+03   1.11800000000000e+03   7.97000000000000e+02   8.96000000000000e+02   8.31000000000000e+02   9.00000000000000e+02   9.93000000000000e+02
   1.80900000000000e+03   1.04400000000000e+03   8.54000000000000e+02   7.99000000000000e+02   7.94000000000000e+02   9.41000000000000e+02   1.01700000000000e+03
   2.12900000000000e+03   1.09900000000000e+03   8.52000000000000e+02   7.28000000000000e+02   8.09000000000000e+02   9.38000000000000e+02   9.77000000000000e+02
   2.04200000000000e+03   1.14400000000000e+03   1.00100000000000e+03   6.76000000000000e+02   8.40000000000000e+02   1.03500000000000e+03   1.07200000000000e+03
   1.77700000000000e+03   1.32200000000000e+03   8.34000000000000e+02   8.77000000000000e+02   8.78000000000000e+02   9.63000000000000e+02   1.13000000000000e+03
   2.02600000000000e+03   1.54800000000000e+03   8.48000000000000e+02   7.24000000000000e+02   7.90000000000000e+02   1.11000000000000e+03   1.04700000000000e+03
   1.93000000000000e+03   1.06000000000000e+03   9.61000000000000e+02   7.64000000000000e+02   8.54000000000000e+02   9.75000000000000e+02   9.69000000000000e+02
   2.02000000000000e+03   1.19600000000000e+03   9.40000000000000e+02   7.48000000000000e+02   8.08000000000000e+02   9.97000000000000e+02   9.04000000000000e+02
   2.22000000000000e+03   1.09300000000000e+03   8.47000000000000e+02   8.56000000000000e+02   7.20000000000000e+02   9.39000000000000e+02   1.08000000000000e+03
   2.15800000000000e+03   1.09400000000000e+03   9.15000000000000e+02   7.83000000000000e+02   9.13000000000000e+02   9.01000000000000e+02   1.09600000000000e+03
   1.83700000000000e+03   1.14800000000000e+03   7.80000000000000e+02   7.86000000000000e+02   7.63000000000000e+02   1.06400000000000e+03   9.93000000000000e+02
   2.39000000000000e+03   1.18000000000000e+03   9.51000000000000e+02   8.02000000000000e+02   8.37000000000000e+02   9.11000000000000e+02   9.94000000000000e+02
   2.20200000000000e+03   1.27600000000000e+03   1.15900000000000e+03   7.86000000000000e+02   8.23000000000000e+02   1.01100000000000e+03   1.03700000000000e+03
   2.14500000000000e+03   1.11000000000000e+03   9.38000000000000e+02   9.79000000000000e+02   8.47000000000000e+02   8.83000000000000e+02   1.09300000000000e+03
   1.80300000000000e+03   1.27500000000000e+03   8.75000000000000e+02   7.23000000000000e+02   8.08000000000000e+02   1.01900000000000e+03   9.68000000000000e+02
   2.01500000000000e+03   1.17900000000000e+03   8.87000000000000e+02   7.28000000000000e+02   8.09000000000000e+02   9.48000000000000e+02   1.04600000000000e+03
   2.00700000000000e+03   1.25800000000000e+03   1.11800000000000e+03   8.23000000000000e+02   7.58000000000000e+02   1.09000000000000e+03   9.95000000000000e+02
   1.92700000000000e+03   1.20500000000000e+03   7.07000000000000e+02   7.80000000000000e+02   8.08000000000000e+02   9.68000000000000e+02   1.00600000000000e+03
   2.19900000000000e+03   1.07700000000000e+03   9.38000000000000e+02   7.88000000000000e+02   8.02000000000000e+02   1.03400000000000e+03   1.15200000000000e+03
   1.80300000000000e+03   1.25100000000000e+03   1.11900000000000e+03   8.53000000000000e+02   7.22000000000000e+02   9.52000000000000e+02   1.14500000000000e+03
   1.88900000000000e+03   1.20600000000000e+03   1.00500000000000e+03   8.51000000000000e+02   8.03000000000000e+02   9.96000000000000e+02   1.06400000000000e+03
   2.34800000000000e+03   1.00600000000000e+03   8.46000000000000e+02   8.51000000000000e+02   8.12000000000000e+02   1.06700000000000e+03   1.00600000000000e+03
   2.41000000000000e+03   1.13900000000000e+03   8.84000000000000e+02   7.86000000000000e+02   9.09000000000000e+02   8.94000000000000e+02   9.97000000000000e+02
   2.24200000000000e+03   1.28400000000000e+03   7.76000000000000e+02   7.28000000000000e+02   8.62000000000000e+02   1.27200000000000e+03   1.03900000000000e+03
   2.03600000000000e+03   9.98000000000000e+02   7.74000000000000e+02   7.74000000000000e+02   8.71000000000000e+02   1.06600000000000e+03   9.99000000000000e+02
   1.97500000000000e+03   1.03500000000000e+03   8.54000000000000e+02   7.16000000000000e+02   7.93000000000000e+02   9.42000000000000e+02   9.96000000000000e+02
   1.94000000000000e+03   1.28200000000000e+03   9.49000000000000e+02   7.68000000000000e+02   7.44000000000000e+02   9.55000000000000e+02   9.73000000000000e+02
   2.10000000000000e+03   1.18500000000000e+03   8.42000000000000e+02   7.88000000000000e+02   8.80000000000000e+02   9.68000000000000e+02   1.02900000000000e+03
   1.64000000000000e+03   1.16700000000000e+03   8.38000000000000e+02   7.50000000000000e+02   8.23000000000000e+02   9.47000000000000e+02   1.00600000000000e+03
   2.39700000000000e+03   1.29900000000000e+03   8.26000000000000e+02   8.17000000000000e+02   9.33000000000000e+02   8.92000000000000e+02   1.26300000000000e+03
   2.00700000000000e+03   1.12100000000000e+03   8.24000000000000e+02   6.70000000000000e+02   1.08000000000000e+03   1.02900000000000e+03   1.13400000000000e+03
   1.90300000000000e+03   1.25300000000000e+03   8.39000000000000e+02   7.53000000000000e+02   8.03000000000000e+02   1.02500000000000e+03   1.06900000000000e+03
   1.78300000000000e+03   1.23700000000000e+03   7.97000000000000e+02   8.45000000000000e+02   9.59000000000000e+02   9.78000000000000e+02   1.00200000000000e+03
   2.03700000000000e+03   1.16200000000000e+03   9.20000000000000e+02   7.99000000000000e+02   8.31000000000000e+02   9.48000000000000e+02   1.08200000000000e+03
   2.21100000000000e+03   1.06100000000000e+03   8.32000000000000e+02   7.26000000000000e+02   7.85000000000000e+02   8.96000000000000e+02   1.06100000000000e+03
   1.94100000000000e+03   1.28000000000000e+03   7.20000000000000e+02   7.21000000000000e+02   7.84000000000000e+02   9.81000000000000e+02   1.00100000000000e+03
   2.34100000000000e+03   1.17800000000000e+03   1.20700000000000e+03   7.38000000000000e+02   9.98000000000000e+02   9.16000000000000e+02   1.06000000000000e+03
   1.84400000000000e+03   1.26000000000000e+03   8.03000000000000e+02   7.84000000000000e+02   7.78000000000000e+02   1.03100000000000e+03   1.12800000000000e+03
   2.23300000000000e+03   1.04700000000000e+03   9.37000000000000e+02   7.91000000000000e+02   8.69000000000000e+02   8.89000000000000e+02   9.28000000000000e+02
   2.63200000000000e+03   1.11200000000000e+03   9.14000000000000e+02   8.72000000000000e+02   9.34000000000000e+02   9.25000000000000e+02   9.46000000000000e+02
   2.15800000000000e+03   1.33100000000000e+03   1.00700000000000e+03   8.98000000000000e+02   9.28000000000000e+02   8.97000000000000e+02   1.02100000000000e+03
   2.26600000000000e+03   1.10700000000000e+03   8.68000000000000e+02   7.78000000000000e+02   1.06200000000000e+03   8.30000000000000e+02   8.86000000000000e+02
   2.09900000000000e+03   1.24200000000000e+03   1.03900000000000e+03   7.07000000000000e+02   8.87000000000000e+02   8.16000000000000e+02   9.96000000000000e+02
   2.03900000000000e+03   1.19700000000000e+03   7.72000000000000e+02   8.44000000000000e+02   8.73000000000000e+02   1.02500000000000e+03   1.14500000000000e+03
   2.02300000000000e+03   1.13500000000000e+03   8.64000000000000e+02   8.51000000000000e+02   7.01000000000000e+02   1.01200000000000e+03   8.86000000000000e+02
   2.00500000000000e+03   1.12300000000000e+03   9.23000000000000e+02   7.53000000000000e+02   8.90000000000000e+02   1.00400000000000e+03   1.07400000000000e+03
   2.01300000000000e+03   1.20900000000000e+03   7.82000000000000e+02   7.11000000000000e+02   7.69000000000000e+02   9.89000000000000e+02   8.72000000000000e+02
   2.01800000000000e+03   1.29300000000000e+03   9.62000000000000e+02   7.56000000000000e+02   8.28000000000000e+02   1.04200000000000e+03   1.06900000000000e+03
   2.25500000000000e+03   1.19300000000000e+03   8.03000000000000e+02   7.68000000000000e+02   8.40000000000000e+02   9.08000000000000e+02   1.02300000000000e+03
   1.89000000000000e+03   1.09900000000000e+03   9.61000000000000e+02   9.39000000000000e+02   8.98000000000000e+02   8.91000000000000e+02   9.79000000000000e+02
   1.95000000000000e+03   1.21300000000000e+03   8.68000000000000e+02   9.13000000000000e+02   7.64000000000000e+02   1.01300000000000e+03   1.08300000000000e+03
   2.00100000000000e+03   1.15500000000000e+03   9.80000000000000e+02   7.86000000000000e+02   8.62000000000000e+02   1.11100000000000e+03   1.02400000000000e+03
   2.09300000000000e+03   1.07000000000000e+03   8.43000000000000e+02   7.85000000000000e+02   1.15200000000000e+03   8.43000000000000e+02   1.00500000000000e+03
   1.98900000000000e+03   1.27000000000000e+03   1.13600000000000e+03   6.96000000000000e+02   8.51000000000000e+02   9.15000000000000e+02   9.82000000000000e+02
   2.10000000000000e+03   1.17200000000000e+03   8.61000000000000e+02   7.90000000000000e+02   9.10000000000000e+02   1.00400000000000e+03   1.07700000000000e+03
   2.24000000000000e+03   1.22700000000000e+03   8.80000000000000e+02   7.93000000000000e+02   8.51000000000000e+02   8.96000000000000e+02   1.10100000000000e+03
   2.00300000000000e+03   1.24400000000000e+03   9.13000000000000e+02   8.41000000000000e+02   9.24000000000000e+02   9.53000000000000e+02   1.07700000000000e+03
   2.19700000000000e+03   1.11600000000000e+03   8.45000000000000e+02   7.36000000000000e+02   8.33000000000000e+02   1.06800000000000e+03   1.02500000000000e+03
   2.02600000000000e+03   1.10100000000000e+03   1.01500000000000e+03   7.41000000000000e+02   8.99000000000000e+02   1.06000000000000e+03   9.77000000000000e+02
   1.83500000000000e+03   8.93000000000000e+02   9.66000000000000e+02   7.38000000000000e+02   8.07000000000000e+02   9.71000000000000e+02   9.70000000000000e+02
   2.06000000000000e+03   1.43800000000000e+03   8.40000000000000e+02   7.68000000000000e+02   8.25000000000000e+02   9.12000000000000e+02   1.00800000000000e+03
   2.37500000000000e+03   1.20100000000000e+03   1.04000000000000e+03   7.61000000000000e+02   8.96000000000000e+02   9.69000000000000e+02   1.29200000000000e+03
   1.97800000000000e+03   1.22400000000000e+03   9.28000000000000e+02   8.54000000000000e+02   8.59000000000000e+02   8.94000000000000e+02   1.21300000000000e+03
   2.02200000000000e+03   1.15300000000000e+03   7.96000000000000e+02   8.55000000000000e+02   9.41000000000000e+02   9.73000000000000e+02   1.14700000000000e+03
   2.02900000000000e+03   1.25500000000000e+03   9.07000000000000e+02   6.65000000000000e+02   8.63000000000000e+02   9.43000000000000e+02   1.03500000000000e+03
